15007664.0
4625408.0
1307648.0
2727936.0
4625408.0
3123200.0
2727936.0
4625408.0
3123200.0
2727936.0
4625408.0
20144128.0
6246400.0
2432000.0
3248128.0
2808832.0
2432000.0
3248128.0
2808832.0
2432000.0
3248128.0
2808832.0
2432000.0
3248128.0
16326656.0
4388864.0
2556416.0
2493440.0
2305024.0
2556416.0
2493440.0
2305024.0
2556416.0
2493440.0
2305024.0
2556416.0
2493440.0
2305024.0
2556416.0
2493440.0
2305024.0
2556416.0
2493440.0
17137664.0
4610048.0
2376704.0
2547712.0
2747392.0
2376704.0
2547712.0
2747392.0
2376704.0
2547712.0
1162928.0
