0.8909082838333757
0.8752093816040716
0.6564070362030537
0.9948170091978673
0.8752093816040716
0.6640718089847257
0.9948170091978673
0.8752093816040716
0.6640718089847257
0.9948170091978673
0.8752093816040716
0.8854290786463009
0.6640718089847257
0.9973992930052578
0.8819895565201438
0.6653654671596306
0.9973992930052578
0.8819895565201438
0.6653654671596306
0.9973992930052578
0.8819895565201438
0.6653654671596306
0.9973992930052578
0.8819895565201438
0.9678043158685536
0.8871539562128409
0.9973893799446072
0.9659046543091567
0.8871473388872866
0.9973893799446072
0.9659046543091567
0.8871473388872866
0.9973893799446072
0.9659046543091567
0.8871473388872866
0.9973893799446072
0.9659046543091567
0.8871473388872866
0.9973893799446072
0.9659046543091567
0.8871473388872866
0.9973893799446072
0.9659046543091567
0.967797096967949
0.8871473388872866
0.9973497296724266
0.9677682224424209
0.8871208705722191
0.9973497296724266
0.9677682224424209
0.8871208705722191
0.9973497296724266
0.9677682224424209
0.943284989977597
